Feature: c3d
UCF_AUC: 0.7466082427264877
VAD3_AUC: 0.7372887316048519
