Feature: i3d
UCF_AUC: 0.8375183966254858
VAD3_AUC: 0.8297330911957672
